---
1C567E244FB970E6835C69E053AF4A56:
  login_at: 2018-05-20 20:39:54.934048220 -07:00
  num_logins: 41
  consented_at: 2018-05-20 09:23:46.763759580 -07:00
