---
1C567E244FB970E6835C69E053AF4A56:
  login_at: 2018-05-17 09:38:44.787332004 -07:00
  num_logins: 1
  consented_at: 2018-05-17 09:30:09.395377389 -07:00
