---
1C567E244FB970E6835C69E053AF4A56:
  login_at: 2018-05-20 10:08:06.570664037 -07:00
  num_logins: 11
  consented_at: 2018-05-20 09:23:46.763759580 -07:00
