---
1C567E244FB970E6835C69E053AF4A56:
  login_at: 2018-05-20 17:14:22.040803702 -07:00
  num_logins: 36
  consented_at: 2018-05-20 09:23:46.763759580 -07:00
