---
1C567E244FB970E6835C69E053AF4A56:
  login_at: 2018-05-21 22:55:57.498684491 -04:00
  num_logins: 48
  consented_at: 2018-05-20 09:23:46.763759580 -07:00
A560B2E86C7C1E72C26878911F35D26785D844C332E991D2:
  login_at: 2018-05-21 23:33:03.954717236 -04:00
  num_logins: 29
  consented_at: 2018-05-21 10:30:50.461218556 -04:00
24FC49975FAD457C8C0BA04EB457B76867475A7AF57390AA:
  login_at: 2018-05-21 23:11:28.698609116 -04:00
  num_logins: 9
  consented_at: 2018-05-21 14:33:02.674139646 -04:00
